51
1 广州 广东省 15
2 佛山 广东省 12
3 中山 广东省 12
4 东莞 广东省 14
5 惠州 广东省 12
6 肇庆 广东省 10
7 江门 广东省 11
8 珠海 广东省 11
9 澳门 广东省 13 
10 香港 广东省 12  
11 深圳 广东省 14
12 汕尾 广东省 10
13 河源 广东省 10
14 韶关 广东省 9
15 清远 广东省 10
16 云浮 广东省 7
17 阳江 广东省 5
18 揭阳 广东省 10
19 梅州 广东省 12
20 茂名 广东省 12
21 湛江 广东省 13
22 汕头 广东省 10
23 潮州 广东省 12
24 来宾 广西省 10
25 南宁 广西省 12
26 钦州 广西省 8
27 贵港 广西省 13
28 北海 广西省 11
29 玉林 广西省 11
30 梧州 广西省 12
31 贺州 广西省 13
32 桂林 广西省 12
33 柳州 广西省 10
34 河池 广西省 5
35 百色 广西省 5
36 崇左 广西省 11
37 防城港 广西省 11
38 湘潭 湖南省 11
39 益阳 湖南省 8
40 娄底 湖南省 10
41 衡阳 湖南省 13
42 郴州 湖南省 12
43 株洲 湖南省 10
44 长沙 湖南省 11
45 岳阳 湖南省 10
46 常德 湖南省 5
47 张家界 湖南省 10
48 吉首 湖南省 14
49 怀化 湖南省 11
50 昭阳 湖南省 13
51 永州 湖南省 10
195
1 2 2 26 12 5 82
1 2 3 30 40 10 100
1 3 2 83 40 5 67
1 3 3 100 37 16 57
1 4 2 65 25 9 43
1 4 3 66 18 15 19
1 5 2 141 40 21 68
1 5 3 152 78 24 92
1 14 2 222 105 10 97
1 14 3 242 70 31 11
1 15 2 79 40 5 100
1 15 3 86 33 15 14
2 3 2 82 40 10 6
2 3 3 86 6 18 39
2 6 2 87 15 11 55
2 6 3 93 25 18 55
2 7 2 58 15 11 55
2 7 3 65 30 12 32
3 8 2 51 30 4 53
3 8 3 56 20 11 85
4 5 3 153 90 29 30
4 11 2 120 20 17 46
4 11 3 135 75 20 78
5 11 2 90 19 24 99
5 11 3 93 60 18 55
5 12 2 130 37 6 58
5 12 3 142 50 19 26
5 14 2 315 77 48 79
5 14 3 321 160 40 6
6 7 3 123 50 19 19
6 15 2 108 29 41 89
6 15 3 132 56 20 51
6 16 3 56 30 9 22
7 8 3 90 50 14 99
7 17 2 160 59 10 85
7 17 3 262 70 37 50
8 9 3 75 20 8 22
9 10 3 84 150 12 6
10 11 3 45 120 9 95
12 13 3 218 90 25 4
12 18 2 159 66 17 38
12 18 3 173 80 30 60
12 19 2 157 106 5 47
12 19 3 164 78 32 73
13 14 2 266 88 58 59
13 14 3 300 100 33 33
13 19 2 192 159 35 75
13 19 3 210 168 25 48
14 15 2 162 65 5 48
14 15 3 218 78 27 88
14 42 2 163 24 15 99
14 42 3 184 36 35 52
16 17 3 174 80 25 9
16 20 2 237 41 30 53
16 20 3 256 95 31 85
16 30 2 128 34 5 74
16 30 3 140 55 22 54
17 20 2 130 53 9 35
17 20 3 145 60 32 29
18 19 2 111 43 7 59
18 19 3 130 50 19 55
18 22 2 46 25 8 66
18 22 3 53 36 11 21
18 23 2 30 10 3 48
18 23 3 41 12 10 49
19 23 2 130 29 20 78
19 23 3 242 60 30 67
20 21 2 94 23 9 41
20 21 3 100 40 15 86
20 29 2 165 29 30 58
20 29 3 170 70 35 89
22 23 2 40 10 6 93
22 23 3 55 20 11 82
24 25 2 167 29 27 65
24 25 3 170 42 21 65
24 27 2 106 19 15 18
24 27 3 152 30 20 83
24 30 2 282 93 18 47
24 30 3 308 110 35 97
24 32 2 215 38 35 79
24 32 3 220 56 25 98
24 33 2 79 13 8 74
24 33 3 88 24 15 38
24 34 2 222 33 30 44
24 34 3 234 50 25 80
25 26 2 117 37 11 100
25 26 3 125 45 21 95
25 34 2 253 51 49 67
25 34 3 260 100 30 41
25 35 2 240 38 28 56
25 35 3 255 75 31 5
25 36 2 129 18 25 67
25 36 3 155 52 32 41
25 37 2 142 40 11 56
25 37 3 143 60 21 5
26 27 2 98 27 8 67
26 27 3 118 22 35 19
26 28 2 223 72 18 96
26 28 3 237 80 27 32
26 29 3 252 100 30 44
27 29 2 100 15 11 99
27 29 3 113 40 17 81
27 30 2 210 42 39 47
27 30 3 258 120 34 37
28 29 3 216 80 29 10
29 30 2 181 29 25 49
29 30 3 185 85 25 28
30 31 2 154 22 16 71
30 31 3 168 55 30 54
30 32 2 306 166 38 47
30 32 3 308 160 45 37
31 32 2 217 75 15 10
31 32 3 220 105 25 49
31 42 3 330 139 39 28
32 33 2 158 25 15 71
32 33 3 168 70 35 54
32 51 2 229 30 25 47
32 51 3 235 99 29 29
33 34 2 164 25 20 86
33 34 3 197 75 30 45
34 35 3 235 110 31 42
35 36 3 271 155 34 43
36 37 3 184 100 25 37
38 40 2 117 16 11 85
38 40 3 133 41 79 29
38 41 2 142 24 23 79
38 41 3 151 57 25 38
38 44 2 46 13 8 84
38 44 3 57 15 14 71
39 40 2 123 9 20 81
39 40 3 127 42 19 34
39 44 2 160 16 10 85
39 44 3 115 30 22 45
39 45 2 162 33 30 76
39 45 3 210 76 25 88
39 46 3 105 35 14 62
40 41 2 133 41 34 90
40 41 3 133 47 18 44
40 49 2 263 47 40 12
40 49 3 304 115 38 38
40 50 2 97 16 11 12
40 50 3 100 31 15 36
41 43 2 141 22 15 9
41 43 3 145 52 19 16
41 50 2 140 24 20 74
41 50 3 144 47 27 36
41 51 2 136 22 19 3
41 51 3 139 47 17 72
42 43 2 264 44 31 10
42 43 3 270 99 30 68
42 51 2 184 47 41 28
42 51 3 196 78 25 98
43 44 2 63 11 6 92
43 44 3 69 20 15 98
44 45 2 153 24 13 18
44 45 3 175 30 29 39
45 46 2 80 12 10 83
45 46 3 90 13 15 29
46 47 2 167 40 35 5
46 47 3 182 65 25 86
47 48 2 153 20 17 65
47 48 3 170 60 22 47
47 49 2 292 38 36 81
47 49 3 310 174 47 47
48 49 2 116 17 25 81
48 49 3 120 45 18 78
49 50 2 217 71 8 19
49 50 3 261 62 38 3
50 51 2 107 17 14 81
50 51 3 123 43 18 86
1 19 1 380 218 10 0
1 44 1 620 1215 12 0
1 46 1 248 739 18 0
1 47 1 900 824 11 0
1 25 1 510 835 19 0
1 28 1 490 610 14 0
1 35 1 720 270 20 0
11 44 1 700 1210 13 0
11 46 1 870 901 15 0
11 47 1 1000 904 18 0
11 25 1 620 494 17 0
11 33 1 575 375 14 0
8 22 1 420 230 11 0
8 44 1 764 439 15 0
8 25 1 590 360 15 0
22 44 1 609 580 15 0
22 47 1 970 843 20 0
22 25 1 950 649 20 0
44 47 1 98 199 13 0
44 25 1 800 307 19 0
44 30 1 540 229 15 0
44 28 1 820 518 20 0
47 25 1 856 378 18 0
49 25 1 555 260 14 0
49 28 1 700 322 18 0
